137129583
25907144
181716137
154715080
221666230
88933594
125581247
129748056
379822436
111620041
118233883
201358612
132851371
168028715
185202677
375507918
10366616
142139318
77490514
137193239
129958758
194818271
103735745
113435203
115141430
106863163
101356886
116585378
87012746
177411785
50580004
470392491
72104072
146485028
348210175
84429681
221797718
376376587
331999484
108452107
38628747
104512126
227657377
181092754
87063175
356343152
107803494
113995822
238028541
117421467
126417273
480412663
397574220
134683396
236858633
189398048
142685474
241519559
186977347
342340720
100598959
97590558
134711350
143693439
100594231
112740723
97658618
148215639
113457795
126238768
468599935
114619230
104963314
254710104
53266410
85937380
177085220
208796906
297312417
350166887
206642367
136177710
12231202
50828662
349310876
109163420
156328257
399804455
117960951
89269794
357571132
164685175
199222238
92706637
182331313
238239590
193013414
173978074
91369376
412758827
123787524
101695162
163392533
202217968
138543123
105178768
56351509
253962772
94004717
199133117
152962063
290700636
94738847
86822085
139937922
176502766
86974263
292921272
201430785
218375165
157989498
207829314
116249155
87360406
190996591
118134220
126397214
152083285
40547474
147767183
169356253
120613892
30237211
81787976
130416036
220219886
141147404
81852496
320688844
115165739
56399292
171211166
355168766
135585738
100058342
110583422
194673410
85367644
133558180
182325064
136683492
252930452
236556669
89598554
168340162
207078168
108221389
372595310
282359850
412753955
385750274
139280377
139876032
237472045
181563525
118073569
96189126
76904792
124936122
184445673
123953528
110837826
152455523
92214321
99983413
205813150
100246000
87071062
392565237
122049498
108717482
125657145
103725181
149486894
105045291
103275898
86700461
169672157
89249333
169416589
150982730
175422910
90423751
87293485
163587550
86975889
94786276
147134765
86698277
175463659
136575603
135656964
81475303
94762375
92477990
187624664
148480336
359068880
160512673
153749549
168385950
136186418
387290586
124168390
119939006
71869498
315657960
90882159
73073488
137925613
173971950
165839292
104758571
114787051
98887913
341082752
91380904
129585121
96803083
123042687
102099826
101117815
382225911
31818853
3940262
100895600
113055105
195001460
153775602
90892734
172424257
206379758
373520478
143278997
136938490
321201954
135878232
96811367
453506072
94281932
136477860
157475523
135384059
14209829
112531417
164530809
152859296
170614144
351659733
137281257
131536600
277064146
127187727
59463394
105346714
277742444
88271237
284391644
21289303
139406237
278006984
337575662
295697470
182993582
129408493
196493853
86743641
126212866
131788300
347258659
142718557
116293223
291284620
237201026
13642470
358102129
122263723
24009418
103354522
161042969
76173488
171981096
95808463
148577588
150862738
195974022
178366364
194521913
136829091
317389864
138885864
335793487
207983361
151625242
102473287
394879200
101924555
94049589
186627166
100488804
86726887
101062921
230328929
402498339
103347469
109512357
203851397
224051329
191458152
253897281
87040694
150961567
427006940
96196828
113023975
129863953
20321748
140666974
352062112
110372885
119743955
316172183
93119769
247364623
81481903
205517338
317880638
174749356
292450884
197574429
138522697
66598119
131769991
90031225
318286721
187824320
187191278
124553723
234237646
90137663
92847434
116905654
186837494
146711951
364481959
176139572
234699894
126422920
158074556
101450083
189708209
205239629
118127154
358367084
188423794
88585077
131792082
120402898
5448108
111034589
84105632
162539779
86781802
203732939
100311765
396554917
87442297
143146883
186224998
87084462
118207269
243945655
74378317
82305765
847108724
320854806
292677016
201770841
139031324
136563189
163891868
120201372
296226696
112250781
130271765
167346323
93473848
205139756
226340817
188907843
138857296
96183976
58429537
88470
175104556
237238721
122867857
137272985
103940975
131706718
873730560
318615087
118305301
158847773
161016689
44346153
287966898
139822354
39155815
260408033
103910993
156662698
100616105
350956944
107023378
836051234
323845738
343678582
255219872
97235629
140178149
332063259
94296097
62533910
150419909
244857272
377884339
121298703
106809101
25502245
172751506
8591574
230617400
161154138
135673679
107081378
102036152
184781754
119576842
208522873
186808424
101525357
102644565
390678475
240727522
108831569
399885807
87440120
872778001
290041010
101540701
231622898
144335589
80302009
343939692
11865327
326872750
229210222
94923783
118760050
103045129
210287979
120838437
92590479
116881520
135113005
85297910
96485318
149885551
56939869
124198171
96429099
193439886
134741940
152915953
121181186
105120811
172516483
187905161
82051518
384918363
149903953
40586005
195254520
136737280
318371533
94483422
108382060
476907358
67428263
87177591
132739889
92648630
128367019
89117038
94052138
174450569
49849992
121833213
235505993
217386639
117956848
124604563
432516198
99065135
129848451
101779337
126006668
54580962
59752811
100755067
170896543
193815691
91382370
420930889
168798737
315272623
140159807
234723963
128398556
102481068
91460772
179773256
41231571
295892811
108030695
156745021
426764440
90324740
313744564
146511635
370966003
114645455
134357466
184602703
141690233
163494938
113424449
103126502
129852226
147267417
140288368
179865964
167054382
86861614
124805486
167372590
116409364
191362875
34519567
100708765
246523528
136506778
111291593
86759987
116080282
131823301
107480920
148713046
112669497
84853828
397462905
111189717
106667692
122946170
48542571
47434686
161930347
349282655
141247653
241278470
163497368
152947977
281790498
115975133
208162986
286837772
54359886
32995405
136980762
211531481
91364275
169359249
160119017
122347180
324277900
154697606
136191469
107485519
142589406
136335606
86953944
248941611
61130075
105610776
117517278
333170252
95741313
837609249
138814605
152139242
243691404
202148694
884164659
132026031
38057824
89423756
312744889
114239371
110397360
92028391
174833121
119315361
242837510
426993582
137895298
42989814
86717728
101510521
136700299
120376174
113670337
208287519
152960698
119631156
119540075
136526273
4281729
131380551
59273184
192405422
115608873
136273116
90125566
176875883
113874152
138804702
163465105
136222443
442301313
130801103
86811043
154207211
84671288
164199202
86947819
88826062
249651648
384872547
108997922
235458447
359536546
173905063
86850560
389022189
136742985
151669649
352623024
247874780
59737992
220621418
334050219
153727297
95829379
110539311
460356164
114559048
142805736
137855976
223831161
176552562
192981126
151856239
86723143
114193693
168108415
113172367
89550641
223344914
207164049
111637216
117311875
173476224
369942571
114388400
120374476
21270361
170094798
130036927
55297093
145550466
153227497
124801257
144870065
858925382
188018316
83535983
116434499
139047722
63703276
218500899
53908693
368273843
101678979
98167706
339235645
131330953
448246618
153749948
249092564
58513047
298360885
848523218
299213834
190710801
70673409
204389658
390217220
397102785
156029808
212202909
196954921
106737423
131687728
78156314
130040732
148603884
400157777
101208945
296514230
53178236
100652044
169756712
414718293
102371354
136334678
190350175
77518613
89654154
94374420
220538338
345650410
134121021
152896840
132291754
216067541
444433303
192670590
184138153
262367336
116094746
110448679
115346085
403253210
190826739
196736958
111114687
171337923
143198125
35334936
119594755
143356903
178638015
162641196
101866704
203903869
52309044
134271697
200461150
362728464
180012313
102811031
137092505
214150763
103296177
101446572
873866663
107050251
101259972
1296625
77581590
377359314
862902450
242660360
99803639
100481695
136600451
101922662
330191088
405287997
99155835
375626084
101375717
372022646
292847562
452376367
128660724
83516705
481583872
86739603
36259446
86715129
173402037
150588364
145065875
34726076
153125655
120303454
105939162
48401540
123189159
152122881
117731777
127266410
98441301
210786003
127617979
408729743
152330661
111392103
104504914
400603826
176492191
165086162
145899701
164962869
153836240
131043881
170638230
86793739
93817671
139189820
106278629
248388120
133656750
49317728
199667127
383480363
151069590
197737818
108614189
352271505
133705802
109590964
141833801
442264243
118097484
139174891
89972122
168829831
317814449
146356552
126266859
126340643
97676580
87941677
302214028
171251047
361688848
160678812
248723797
250114507
98462965
246550947
151835528
7396553
181532808
75390186
153351088
339414010
91366718
88719902
149855291
142051087
854161652
328056842
136353896
123858122
122255316
118393819
151587497
114596500
112758116
303568400
175538337
186888336
320252024
113152484
78937420
335502556
103208524
111030315
60313692
294244641
198631761
167342854
146609635
135653527
138733307
168532604
123048453
144254051
871782093
12692042
67840348
354203158
397194466
43635208
100881709
182921384
122670743
347507783
99036634
136976122
313248082
135389630
217972766
173000059
293904640
107227595
368412630
100483784
101897410
167072778
148919585
138608676
90365989
115554677
86802844
95825708
162588284
171597637
303115132
171347136
170227527
257945712
159468968
414652064
86985308
86896635
113457541
125941160
172433513
187619311
135596324
91974231
882896652
204236677
88153289
144318587
378583165
11463657
92487440
100175472
86780673
193884241
249835593
217599053
186103242
201736243
118162982
183841787
100881809
166832118
83502220
200037203
42274654
126694445
129819678
17396027
300222966
139460025
152479682
191322323
104070670
210750366
197463135
306654490
101240880
196207329
103559145
76482434
162073020
130083590
243150106
99796146
92968238
168089239
185165615
178714551
131303632
69602973
123051238
406555173
846186530
107215696
877696078
131777279
137878566
86732705
156159363
869108920
372893213
127565532
194247768
117891932
403831902
200921882
180761007
386849863
214339410
106615943
302715521
292659421
139985766
125695828
206816208
319293345
115697402
149034768
194624542
142800458
308504257
125814840
170015620
86874930
387624608
93845249
349378072
142974425
121015915
214853734
182649354
358934489
121756688
105184229
149931709
84234671
95804890
127853828
140758705
139843709
107583765
117015167
243671312
344857803
166108983
128047066
113705693
152711660
173812218
86685819
156331087
235002246
247504823
100670945
218517886
189038762
211003701
125189164
123880365
846788033
97597779
112102777
123469724
184026829
186080700
309378542
133594733
410710325
136458273
16852086
48510685
399036644
393280550
92441957
376166496
396380214
187779256
162605444
98878010
113051039
171262902
199709905
178894519
207283316
186939694
115331673
71266407
876118122
174159332
104623405
116095868
215317522
88991691
396575993
100873638
195129486
346392468
204860265
132343418
85312703
136562659
68111052
112934528
178582083
86576108
314565150
116985284
125758635
61374441
236896162
218394655
352327185
120412388
276108664
193742766
359706863
302171506
127204374
162903262
115036492
179695103
86870856
86774869
438665321
207493419
392976888
140680642
120760534
198716302
161683666
136219932
875537193
835795001
166178728
105989125
285770518
242885483
876750908
136178375
201594424
104401209
353479702
173880329
840894602
144757646
143920656
304493797
86840554
349677961
197849259
117514269
228517469
86740711
68578117
484677249
71197919
145444932
119898344
106768391
89246836
131766964
196878136
106452275
293529846
369342470
100470652
134566957
121462421
239814066
138154666
195210298
137837355
80384345
126398366
346285817
362762615
86818655
85956459
877088383
316861380
112414013
318309669
17403205
121965788
107025933
363871826
130029899
258607808
355234958
162794248
234084517
491397500
129618070
334338288
278044944
195804179
67119389
80929738
178357523
364518450
103834233
51684352
49382246
135492698
148591861
57516313
137276883
150726729
471538399
120090915
96382750
486059281
86903231
109883841
139071212
109221881
233460851
342076620
444845110
154223815
111020098
109151792
177885192
343084576
313352773
105974533
90045009
93526520
101568685
143640511
153035705
399920568
54151884
107562000
870256274
86750028
410204448
208163435
117587043
132805411
123561201
61134408
122406805
151006957
371995897
158782337
329866259
879229651
119762223
91064780
452400903
136296149
116917504
874232415
302425972
428386128
51256448
204163676
198035908
110228930
56132842
164197101
183132822
92071256
184025202
137877432
233739425
323404822
103110865
216871474
249016996
104464707
889553539
365810747
155247175
151181525
186347237
130967349
250733860
31388939
86930446
596468039
40611032
156179541
69590108
190070708
86891646
125012167
176752974
872643978
445923127
187843638
250634352
382109554
127657459
8157114
113800818
288081116
113272381
121022113
130843456
85612299
108154649
168616530
101908305
384497307
176221934
228131938
317465426
130140436
212250618
57267636
161958240
347840564
139609450
113331514
245156208
372161052
104334048
201104511
14067214
391589664
173720341
90900698
86131091
137217992
167586065
9018879
475218641
100781036
882312181
179313961
105908861
147708467
344734024
174240675
130181884
151550803
103358602
160092328
293066932
193704726
173387221
93685104
136333138
46757253
145249711
89117858
111242338
176961039
909004503
123485937
106225256
173378701
104979079
104500774
32335598
322925642
293525705
86744322
297110832
35533647
133197997
117199412
142075333
120439963
136933112
97031036
86300851
102500941
144165897
126469785
165110447
853696383
211883623
164993816
180286184
86765434
94439767
210457941
386819130
89157606
112552914
140935069
157649366
177953305
108484186
262476000
136090583
100610603
86784231
136391409
72393079
88852808
95145869
130503714
86887653
11550182
364200534
90547237
211884113
148347150
168291251
92098579
165009411
185552312
197813893
358425548
105920571
249336076
8712306
178633570
220202887
128940355
183601609
288296340
195847296
182849776
115360315
91610743
102126005
216463193
125265041
192552476
166639117
103490225
284835278
307931351
110057912
166849080
86780201
127530803
303469415
296960696
115293699
320589313
134995102
230605259
139389521
98482878
369901859
114427877
152838763
35950371
198306681
177613346
138074069
100192884
162672288
141065684
116876282
38515149
136433990
153785753
176094824
362617519
314584168
163564052
171348003
131040059
11384485
136774773
167286558
170532209
121537441
303202729
868568216
173422507
348703642
131012847
126681895
132486134
422089909
23089928
77523235
201470355
124813229
115178337
140960370
91932652
97742649
148555827
288856114
71286125
99780285
86809886
195350345
270413632
857788254
134514621
141821056
412690729
135025253
145331311
96738880
292276988
156709931
865279092
227083063
255787643
287636046
250623875
101642221
98885811
136187546
28053699
136201565
206576433
86768143
86937884
104749803
205632418
130137442
85427446
200588670
137759011
217777702
92157386
158806331
68122190
141010367
92620439
67480199
196751998
183785973
121655574
333968536
136545411
412413765
143556284
104242598
107149125
296014406
382675926
369228303
203612832
135232283
139398275
847889520
86768724
260981052
160316117
133599729
148861869
189283738
100375847
296597392
218399527
192819341
107579110
484333237
883022778
128967743
131182136
221879618
196490133
447287829
209680287
97574983
133807400
278414726
192362692
290744000
211228393
180382795
92997975
195969971
150197164
117496630
117990312
110916936
113372833
317152551
276322558
165671428
148967400
326327879
184131721
143213147
145406711
162077924
92601861
418319531
115085664
136972564
136803142
54898647
68613982
152445854
186999872
125680182
130424429
120951716
176902957
180011187
90675054
149600747
201356590
122922461
111656979
185001854
128680118
86745320
160865049
165178538
369991961
135584110
58380135
314805832
136536092
345820760
125475089
241370187
410485012
214869031
163724937
87307430
208776542
144220699
112838874
111150817
338831113
201547459
126174633
69570507
196115648
112464030
134247796
126821466
181011719
314355206
155507163
851902477
150413310
199621989
257506379
184356300
158665606
219179771
163688278
844564879
236507753
325691131
104744109
199884716
121081490
136534526
9807809
49084265
200544648
112971100
116409474
214173170
385810644
135667448
107490140
138354133
78891550
66702910
132938261
141463938
250950304
108984801
151714670
75750590
39087880
875628050
114513616
135060151
151771762
185392657
91971075
145873098
58777505
163679772
892598197
160344678
386059728
335490459
79377767
254112481
44461910
86722079
253908995
142097177
179035658
218245895
88611330
171531554
107282828
349683424
175578839
170169685
175197612
132853906
248719360
117089283
149081349
133911714
117127191
131384610
312782350
171627713
55529157
125845797
201303725
115021748
147767934
222949753
315070887
141179177
83633790
245666943
168785654
118948478
136629324
81508057
25175582
113540644
161072811
91355855
160371593
140099372
116814597
73401082
86923707
103039499
110729838
101072333
169600514
120609229
79922175
94554991
148911525
176086118
292925029
160987706
82127698
136427601
183866006
163558843
135786743
347373585
299622760
147029505
38623979
197547532
101239422
224990250
285587928
150801964
139453408
140095766
56914487
189100626
125432874
421914673
37399177
234124314
414616147
110564478
222189151
103289327
83741211
164842410
116525052
193660715
136680639
107897138
79644620
108818256
131627501
227654027
114894898
316724811
244944632
844113310
55649904
869248334
86771146
279997546
145132260
358915235
374244343
167445898
193580353
336593926
429637747
360647761
103418398
228490399
120569619
207105991
125498547
144251972
224196785
181941852
39269758
131386851
122716406
175635344
372095036
138840108
136444495
89537046
196811924
82183032
117005046
113639294
150963946
173686496
101989380
155573227
111649957
130130035
354185791
255077828
429083611
89200617
319210601
382190623
118721929
406352304
218493711
147858311
362095061
177823706
110090274
265574836
148526973
472191457
256871496
93552791
181360647
103729052
330787998
121066669
203332875
183210654
244380568
143820443
261505704
363724571
81781722
134912777
255229437
213146834
56574731
102588710
250599012
249483584
86762037
397742415
163867917
135820163
122107541
126357542
138756693
111047524
103162342
410438876
107313421
93289364
87859302
216252570
113899006
208768290
114031486
139010034
226623131
67151107
122360548
86750262
120696566
81306398
384015644
407411362
133063508
853939645
85395195
100630244
139114700
133675074
74912435
90892194
392024328
24534272
317887407
86790626
151651073
134090881
86724433
115460159
468457742
115747558
176298749
115613584
335577009
175777077
111125794
63326786
105498323
190240150
372836652
57578110
89603649
124774574
161569139
101312582
337846099
140251702
195635912
172808004
135884190
114500675
113810957
76134159
156654290
334582582
32936165
339034640
40805086
46848341
160630678
161857389
151433883
138729605
316173805
191742938
153913405
30076440
184844336
209550959
208181197
358934787
136376153
149495442
21112562
153513975
144597422
153381653
89438610
365945840
91484831
211223077
81672264
321414016
86692861
121290177
118426512
104185879
233569149
107381961
176996872
143756683
293950128
227881829
62334080
128423973
104295671
205754509
162272571
121592490
908533356
375894740
197300651
148959264
357062388
185322270
125861458
98126195
79002648
358734230
73043947
149925934
124391602
404150207
138458104
86744298
136421659
92734540
106537629
239425754
162747012
118370366
92164306
895688912
109859658
109486767
124737067
355409883
64453587
99573176
69301029
129315212
220154695
193789229
122459461
110025307
351218845
101110098
85197842
237553171
111533846
376228169
142536387
126702445
218158153
350185582
845820662
195966690
113423078
442324445
320751391
205552172
127334256
130137994
84271002
179154584
109730276
40013910
102185479
835552375
264817668
907097333
183477172
275793448
184554777
140766135
270293472
292419654
163557556
157481535
113929302
122258583
898642969
239600830
100974894
179655918
839650702
120901780
89038430
190107032
172784619
137347316
138362107
155718046
9403474
11274716
15272141
24985355
35743523
48114253
48124103
58283631
59655984
61037600
66840011
67635296
68020317
69892285
72156367
75438820
78044403
79818006
79875438
81890091
83618525
83636940
83662848
84411543
85008179
86202670
86743032
86747351
86768178
86802880
86823099
86912142
86940305
87038697
87095102
88727618
88925917
89354043
89371588
89390985
89612143
91459744
91730177
92253768
92367063
93275155
93705567
94147706
94423740
96253262
97366926
97851952
98018029
98989779
100250283
100913122
101441719
101471054
101875787
102075753
102727762
102924091
103098222
103832074
104206045
104237213
104489234
104537888
104681621
105040222
105064122
105074295
105470669
106088167
106378044
106593246
107603651
107769713
107877022
110487502
110984784
112127585
112179882
112299769
113215577
113619848
113833980
114041920
114402631
114933489
115116817
115199872
115223140
115654436
116331824
116789728
117483894
117558174
117636039
118078153
118419316
119045215
119887854
120672667
120834725
121050030
121917409
122913284
122990544
123820195
126214480
126927396
127891534
129165040
129964854
130401272
131474112
133066657
133212398
133960398
134513080
134791922
134807098
134854595
134989321
135188360
135260138
135385809
135607261
135964144
136099804
136146286
136186119
136192231
136313942
136330034
136336511
136509251
136542935
136844585
136931732
137012744
137209698
137530209
137794772
138156849
138792885
140387298
140861401
141130033
141278621
141481458
142822581
143584779
144098524
146076829
147399717
148180390
148826785
150748346
152095304
152153952
154247846
154636422
155162307
155564702
155729050
156889932
157054028
158606677
159092145
160777268
162625600
164105832
165061650
165456701
165571447
165625407
168730892
169968067
171767807
171978748
172298224
172445113
172709537
172712769
173408922
173579458
174242016
174668253
175969195
176047313
177852625
178692606
179603165
179648045
180018691
180781264
180950681
181351015
181991609
183286411
184191902
185013636
185996267
186158003
186436432
186753076
188257367
189085630
189196329
189941239
190738832
191769799
192417037
192534141
193347301
193418507
195353057
198161112
198316694
201200894
201972588
202520908
205293044
205743502
206883132
207605256
207916561
208304505
210053851
214094971
216560115
217407047
219239958
221743617
224623791
227485051
228916210
229833315
235910394
236677177
237029871
240826714
245417576
247374909
248300049
250516752
250547284
251265489
254025588
258230417
258294351
259542328
262755772
267693296
274662172
275619652
276760024
279559282
283249206
290139024
290377966
293700514
294387499
297170803
300891976
303099423
303673743
306544314
315193277
316505301
317409150
322442240
323850987
329008184
329428664
331356495
336325879
336957195
337019418
337493609
340135408
345314794
350168433
354312951
355565613
359705495
360421282
361452834
367750498
368917218
369847135
371759313
372801387
374142119
374304389
385295772
387748352
392109659
393247781
395832879
396042044
396544410
397434387
398014697
398878109
399350368
400589554
401522754
402426677
407765515
411229795
411596849
413607229
419751014
432131719
442056188
443535543
471575591
479161275
841221661
841792022
843785590
843858252
852823577
854563850
855369696
858654395
859174400
860455524
861227861
869814896
870051923
872648459
873047992
885730428
900222376
